[OBJECTS]
# type	x	y	ani_set_id	extra_settings per object type
# type: 0 = Simon , 1 = Ground 
# Simon
0	165	405	-1	7	0	0	1	0
# Brick
1	32	80	24	0	1	0	1
1	32	112	24	0	1	0	1
1	32	144	24	0	1	0	1
1	32	176	24	0	1	0	1
1	32	208	24	0	1	0	1
1	32	240	24	0	2	0	1
1	32	272	24	1	2	0	1
1	32	304	24	1	2	0	1
1	32	336	24	1	2	0	1
1	32	368	24	1	2	0	1
1	32	400	24	1	2	0	1
1	64	400	24	1	2	0	1
1	96	400	24	1	2	0	1
1	160	400	24	1	2	0	1
1	256	272	24	1	2	0	2
1	288	272	24	1	2	1	2
1	320	400	24	1	2	1	2
1	352	400	24	1	2	1	2
1	384	400	24	1	2	1	2
1	416	400	24	1	2	1	2
1	448	272	24	1	2	1	2
1	448	400	24	1	2	1	2
1	480	272	24	1	2	1	2
1	480	400	24	1	2	1	2
1	512	400	24	1	2	1	3
1	544	400	24	1	2	2	3
1	576	400	24	1	2	2	3
1	608	400	24	1	2	2	3
1	704	400	24	1	2	2	3
1	736	400	24	1	2	2	3
1	832	336	24	1	2	3	4
1	864	336	24	1	2	3	4
1	896	400	24	1	2	3	4
1	928	400	24	1	2	3	4
1	960	304	24	1	2	3	4
1	960	432	24	1	2	3	4
1	992	304	24	1	2	3	4
1	992	432	24	1	2	3	4
1	1024	432	24	1	2	3	4
1	1056	432	24	1	2	3	5
1	1088	272	24	1	2	4	5
1	1120	272	24	1	2	4	5
1	1216	400	24	1	2	4	5
1	1248	400	24	1	2	4	5
1	1280	400	24	1	2	4	5
1	1312	400	24	1	2	4	6
1	1344	368	24	1	2	5	6
1	1376	368	24	1	2	5	6
1	1408	304	24	1	2	5	6
1	1440	304	24	1	2	5	6
1	1472	208	24	0	1	5	6
1	1472	336	24	1	2	5	6
1	1504	208	24	0	1	5	6
1	1504	336	24	1	2	5	6
1	128	400	24	1	2	0	1
# Gate
3	192	464	4	1	3	0	1
3	1495	240	6	0	2	5	6
# Stair
4	128	400	30	-1	1	2	0	1
4	160	432	26	-1	1	2	0	1
4	192	464	26	-1	1	2	0	1
4	128	368	11	1	1	2	0	1
4	160	336	11	1	1	2	0	1
4	192	304	11	1	1	2	0	1
4	224	272	11	1	1	2	0	1
4	768	368	11	1	1	2	2	4
4	800	336	11	1	1	2	3	4
4	1152	272	10	-1	1	2	4	5
4	1184	304	10	-1	1	2	4	5
4	1216	336	10	-1	1	2	4	5
4	1248	368	10	-1	1	2	4	5
#Skeleton
9	630	336	28	1	2	2	3
9	1300	336	28	1	2	4	6
#Raven
11	544	145	29	0	1	2	3
11	832	240	29	0	2	3	4
11	960	176	29	0	1	3	4
11	1038	400	29	1	2	3	5
#SmallCandle
13	318	208	500	1	0	1	1	2
13	446	336	500	12	1	2	1	2
13	574	336	500	12	1	2	2	3
13	702	336	500	12	1	2	2	3
13	830	272	500	12	1	2	3	4
13	958	368	500	12	1	2	3	4
13	1086	368	500	12	1	2	4	5
13	1214	336	500	1	1	2	4	5
13	1342	336	500	12	1	2	5	6
13	1470	240	500	13	0	2	5	6