[OBJECTS]
# type	x	y	ani_set_id	extra_settings per object type
# type: 0 = Simon , 1 = Ground 
# Simon
0	1470	336	-1	0	128	50	1	8
# Brick
1	1504	272	24	1	2	5	6
1	1504	400	24	1	2	5	6
1	1472	272	24	1	2	5	6
1	1472	400	24	1	2	5	6
1	1440	400	24	1	2	5	6
1	1408	400	24	1	2	5	6
1	1376	400	24	1	2	5	6
1	1344	400	24	1	2	5	6
1	1312	432	24	1	2	4	6
1	1280	432	24	1	2	4	5
1	1248	432	24	1	2	4	5
1	1216	432	24	1	2	4	5
1	1184	432	24	1	2	4	5
1	1152	432	24	1	2	4	5
1	1120	432	24	1	2	4	5
1	1088	432	24	1	2	4	5
1	1056	432	24	1	2	3	5
1	1024	432	24	1	2	3	4
1	992	432	24	1	2	3	4
1	960	432	24	1	2	3	4
1	928	432	24	1	2	3	4
1	896	432	24	1	2	3	4
1	864	336	24	1	2	3	4
1	864	432	24	1	2	3	4
1	832	336	24	1	2	3	4
1	832	432	24	1	2	3	4
1	800	432	24	1	2	3	4
1	768	432	24	1	2	2	4
1	736	432	24	1	2	2	3
1	704	432	24	1	2	2	3
1	672	432	24	1	2	2	3
1	640	432	24	1	2	2	3
1	608	336	24	1	2	2	3
1	608	432	24	1	2	2	3
1	576	336	24	1	2	2	3
1	576	432	24	1	2	2	3
1	544	432	24	1	2	2	3
1	512	432	24	1	2	1	3
1	480	432	24	1	2	1	2
1	448	432	24	1	2	1	2
1	416	432	24	1	2	1	2
1	384	432	24	1	2	1	2
1	353	272	24	1	2	1	2
1	352	432	24	1	2	1	2
1	320	272	24	1	2	1	2
1	320	432	24	1	2	1	2
1	288	272	24	1	2	1	2
1	288	432	24	1	2	1	2
1	256	272	24	1	2	0	2
1	256	432	24	1	2	0	2
1	224	272	24	1	2	0	1
1	224	400	24	1	2	0	1
1	192	272	24	1	2	0	1
1	192	400	24	1	2	0	1
1	160	400	24	1	2	0	1
1	128	400	24	1	2	0	1
1	96	336	24	1	2	0	1
1	96	80	24	0	1	0	1
1	64	336	24	1	2	0	1
1	64	80	24	0	1	0	1
1	32	336	24	1	2	0	1
1	32	304	24	1	2	0	1
1	32	272	24	1	2	0	1
1	32	240	24	0	2	0	1
1	32	208	24	0	1	0	1
1	32	176	24	0	1	0	1
1	32	144	24	0	1	0	1
1	32	112	24	0	1	0	1
1	32	80	24	0	1	0	1
# Gate
3	96	-16	5	0	1	0	1
# Stair
4	288	240	10	-1	0	2	1	2
4	256	208	10	-1	0	1	0	2
4	224	176	10	-1	0	1	0	1
4	192	144	10	-1	0	1	0	1
4	160	112	10	-1	0	1	0	1
4	128	80	10	-1	0	1	0	1
#Monkey
8	864	303	25	1	2	3	4	
8	608	303	25	1	2	2	3
8	352	239	25	0	1	1	2
#Skeleton
9	85	272	26	1	2	0	1
#Frog
10	1410	290	28	1	2	5	6
#SmallCandle
13	188	336	500	12	1	2	0	1
13	318	208	500	1	0	1	1	2
13	446	368	500	12	1	2	1	2
13	576	368	500	12	1	2	2	3
13	704	368	500	12	1	2	2	3
13	832	368	500	12	1	2	3	4
13	960	368	500	12	1	2	3	4
13	1088	368	500	6	1	2	4	5
13	1216	368	500	12	1	2	4	5
13	1344	368	500	12	1	2	5	6
13	1472	336	500	15	1	2	5	6

