[OBJECTS]
# type	x	y	ani_set_id	extra_settings per object type
# type: 0 = Simon , 1 = Ground , 2 = Candle, 3=Gate
# Simon
0	1	304	1	0	1	304	1	0	

# Ground
1	0	368	2	1	2	0	1
1 	32	368	2 	1	2	0	1
1 	64	368	2	1	2	0	1
1	96	368	2	1	2	0	1
1	128	368	2	1	2	0	1
1 	160	368	2	1	2	0	1
1 	192	368	2	1	2	0	1
1	224	368	2	1	2	0	1
1	256	368	2	1	2	0	2
1 	288	368	2	1	2	1	2
1 	320	368	2	1	2	1	2
1 	352	368	2	1	2	1	2
1 	384	368	2	1	2	1	2
1 	416	368	2	1	2	1	2
1 	448	368	2	1	2	1	2
1 	480	368	2	1	2	1	2
1 	512	368	2	1	2	1	3
1 	544	368	2	1	2	2	3
1 	576	368	2	1	2	2	3
1 	608	368	2	1	2	2	3
1 	640	368	2	1	2	2	3
1 	672	368	2	1	2	2	3
1 	704	368	2	1	2	2	3
1 	736	368	2	1	2	2	3
1 	768	368	2	1	2	2	4
1 	800	368	2	1	2	3	4
1 	832	368	2	1	2	3	4
1 	864	368	2	1	2	3	4
1 	896	368	2	1	2	3	4
1 	928	368	2	1	2	3	4
1	960	368	2	1	2	3	4
1 	992	368	2	1	2	3	4
1 	1024	368	2	1	2	3	4
1 	1056	368	2	1	2	3	5
1 	1088	368	2	1	2	4	5
1 	1120	368	2	1	2	4	5
1 	1152	368	2	1	2	4	5
1 	1184	368	2	1	2	4	5
1 	1216	368	2	1	2	4	5
1 	1248	368	2	1	2	4	5
1 	1280	368	2	1	2	4	5
1 	1312	368	2	1	2	4	6
1 	1344	368	2	1	2	5	6
1 	1376	368	2	1	2	5	6
1 	1408	368	2	1	2	5	6
1 	1440	368	2	1	2	5	6
1 	1472	368	2	1	2	5	6
1 	1504	368	2	1	2	5	6
# Candle
2	200	304	3	11	1	2	0	1
2	400	304	3	0	1	2	1	2
2	600	304	3	0	1	2	2	3
2	800	304	3	1	1	2	3	4
2	1000	304	3	1	1	2	3	4
2	1200	304	3	2	1	2	4	5
#Gate
3	1400	267	2	1	2	5	6