[OBJECTS]
# type	x	y	ani_set_id	extra_settings per object type
# type: 0 = Simon , 1 = Ground , 2 = Candle, 3=Gate	

[OBJECTS]
# type	x	y	ani_set_id	extra_settings per object type
# type: 0 = Mario , 1 = Brick, 2 = Goomba

# other
4	5	0	4000
8	0	0	8
#whip
5	-100	-100	4
#Axe = 9, knife = 91, holywater = 92
9	0	0	20
91	0	0	6
92	0	0	22
#BLACK_LEOPARD
11	70	0	400

#ZOMBIE
10	20	110	410

#ITEM

# GOODS				idTypeItem 
12	-1000	-1000	5	0
# TORCH 			
12	320	303	5	1
12	704	303	5	1
12	1120	303	5	1
12	1408	303	5	1
# CANDLE
12	320	270	5	2
12	704	270	5	2
12	1120	270	5	2
12	1408	270	5	2
	

# BRICK 
# --- platform (hint: I created the list using Excel!) ----
1	0	368	2
1	32	368	2
1	64	368	2
1	96	368	2
1	128	368	2
1	160	368	2
1	192	368	2
1	224	368	2
1	256	368	2
1	288	368	2
1	320	368	2
1	352	368	2
1	384	368	2
1	416	368	2
1	448	368	2
1	480	368	2
1	512	368	2
1	544	368	2
1	576	368	2
1	608	368	2
1	640	368	2
1	672	368	2
1	704	368	2
1	736	368	2
1	768	368	2
1	800	368	2
1	832	368	2
1	864	368	2
1	896	368	2
1	928	368	2
1	960	368	2
1	992	368	2
1	1024	368	2
1	1056	368	2
1	1088	368	2
1	1120	368	2
1	1152	368	2
1	1184	368	2
1	1216	368	2
1	1248	368	2
1	1280	368	2
1	1312	368	2
1	1344	368	2
1	1376	368	2
1	1408	368	2
1	1440	368	2
1	1472	368	2
1	1504	368	2
1	1536	368	2

# Simon
0	20	100	1