[OBJECTS]
# type	x	y	ani_set_id	extra_settings per object type
# type: 0 = Simon , 1 = Ground 
# Simon
0	10	144	1	0	0	0	1	0
# Brick
#1	-32	272	24
#1	-32	304	24
#1	-32	336	24
#1	-32	368	24
#1	-32	400	24
1	0	208	24	0	1	0	1
1	32	208	24	0	1	0	1
1	64	208	24	0	1	0	1
1	96	208	24	0	1	0	1
1	128	208	24	0	1	0	1
1	160	208	24	0	1	0	1
1	192	208	24	0	1	0	1
1	256	272	24	1	2	0	2
1	288	272	24	1	2	1	2
1	320	272	24	1	2	1	2
1	352	272	24	1	2	1	2
1	384	272	24	1	2	1	2
1	416	272	24	1	2	1	2
1	448	272	24	1	2	1	2
1	480	272	24	1	2	1	2
1	512	272	24	1	2	1	3
1	544	272	24	1	2	2	3
1	576	272	24	1	2	2	3
1	0	400	24	1	2	0	1
1	32	400	24	1	2	0	1
1	64	400	24	1	2	0	1
1	96	400	24	1	2	0	1
1	128	400	24	1	2	0	1
1	160	400	24	1	2	0	1
1	192	400	24	1	2	0	1
1	224	400	24	1	2	0	1
1	256	400	24	1	2	0	2
1	288	400	24	1	2	1	2
1	320	400	24	1	2	1	2
1	352	400	24	1	2	1	2
1	384	400	24	1	2	1	2
1	416	400	24	1	2	1	2
1	448	400	24	1	2	1	2
1	480	400	24	1	2	1	2
1	512	400	24	1	2	1	3
1	544	400	24	1	2	2	3
1	576	400	24	1	2	2	3
1	608	400	24	1	2	2	3
1	640	400	24	1	2	2	3
1	672	400	24	1	2	2	3
1	704	400	24	1	2	2	3
1	736	400	24	1	2	2	3
1	768	400	24	1	2	2	4
1	800	400	24	1	2	3	4
1	832	400	24	1	2	3	4
1	864	400	24	1	2	3	4
1	896	400	24	1	2	3	4
1	928	400	24	1	2	3	4
1	960	400	24	1	2	3	4
1	992	400	24	1	2	3	4
1	1024	400	24	1	2	3	4
1	1056	400	24	1	2	3	5
1	1088	400	24	1	2	4	5
1	1120	400	24	1	2	4	5
1	1152	400	24	1	2	4	5
1	1184	400	24	1	2	4	5
1	1216	400	24	1	2	4	5
1	1248	400	24	1	2	4	5
1	1280	400	24	1	2	4	5
1	1312	400	24	1	2	4	6
1	1344	336	24	1	2	5	6
1	1344	400	24	1	2	5	6
1	1376	400	24	1	2	5	6
1	1408	400	24	1	2	5	6
1	1440	272	24	1	2	5	6
1	1440	400	24	1	2	5	6
1	1472	272	24	1	2	5	6
1	1472	400	24	1	2	5	6
1	1504	80	26	0	1	5	6
1	1504	112	26	0	1	5	6
1	1505	144	26	0	1	5	6
1	1504	272	24	1	2	5	6
1	1505	304	26	1	2	5	6
1	1504	336	26	1	2	5	6
1	1504	368	26	1	2	5	6
1	1504	400	24	1	2	5	6
1	1536	176	24	0	1	5	6
1	1536	208	24	0	1	5	6
1	1536	240	24	0	2	5	6
# Gate
# Stair
4	224	208	10	-1	0	1	0	1
4	256	240	10	-1	0	2	0	2
4	608	272	10	-1	1	2	2	3
4	640	304	10	-1	1	2	2	3
4	672	336	10	-1	1	2	2	3
4	704	368	10	-1	1	2	2	3
4	1376	304	27	1	1	2	5	6
4	1408	272	27	1	1	2	5	6
#Zombie
14	400	206	28	-1	0	2	1	2
14	100	334	28	1	1	2	0	1
14	250	334	28	1	1	2	0	2
14	450	334	28	-1	1	2	1	2
14	1040	334	28	-1	1	2	3	5
14	950	334	28	-1	1	2	3	4
#Boss
15	1200	95	600	0	1	4	5
#SmallCandle
13	62	272	500	1	1	2	0	1
13	190	144	500	12	0	1	0	1
13	318	208	500	12	0	1	1	2
13	446	144	500	7	0	1	1	2
13	574	336	500	12	1	2	2	3
13	702	272	500	4	1	2	2	3
13	830	336	500	12	1	2	3	4
13	958	336	500	12	1	2	3	4
13	1086	272	500	1	1	2	4	5
13	1214	336	500	12	1	2	4	5
13	1342	272	500	12	1	2	5	6
13	1470	272	500	1	1	2	5	6
#Breakwall
12	1376	336	24	9	1	2	5	6
