[OBJECTS]
# type	x	y	ani_set_id	extra_settings per object type
# type: 0 = Simon , 1 = Ground 
# Simon
0	768	370	1	7	0	0	1	0
# Brick
1	0	240	23	0	2	0	1
1	32	240	23	0	2	0	1
1	128	304	23	1	2	0	1
1	160	304	23	1	2	0	1
1	192	240	23	0	2	0	1
1	224	240	23	0	2	0	1
1	256	240	23	0	2	0	2
1	288	240	23	0	2	1	2
1	384	240	23	0	2	1	2
1	416	240	23	0	2	1	2
1	448	240	23	0	2	1	2
1	480	240	23	0	2	1	2
1	512	240	23	0	2	1	3
1	544	240	23	0	2	2	3
1	576	304	23	1	2	2	3
1	608	304	23	1	2	2	3
1	640	368	23	1	2	2	3
1	672	368	23	1	2	2	3
1	704	272	23	1	2	2	3
1	704	304	23	1	2	2	3
1	704	336	23	1	2	2	3
1	704	368	23	1	2	2	3
1	736	240	23	0	2	2	3
1	768	240	23	0	2	2	4
1	800	240	23	0	2	3	4
1	832	240	23	0	2	3	4
1	864	240	23	0	2	3	4
1	928	304	23	1	2	3	4
1	960	80	23	0	1	3	4
1	960	112	23	0	1	3	4
1	960	144	23	0	1	3	4
1	960	176	23	0	1	3	4
1	960	208	23	0	1	3	4
1	960	240	23	0	2	3	4
1	960	272	23	1	2	3	4
1	960	304	23	1	2	3	4
1	896	304	23	1	2	3	4
# Gate
3	768	452	2	1	3	2	4
3	-30	144	4	0	1	0	1
# Stair
4	768	432	10	1	1	2	2	4
4	800	400	10	1	1	2	3	4
4	832	368	10	1	1	2	3	4
4	864	336	10	1	1	2	3	4
4	896	304	10	1	1	2	3	4
#groundmoving
5	105	240	24	0	2	0	1
#Knight
6	256	172	25	0	1	0	2
6	640	300	25	1	2	2	3
#bat
7	590	130	26	0	1	2	3
#Breakwall
12	704	240	23	9	0	2	2	3
#SmallCandle
13	154	112	500	12	0	1	0	1
13	282	112	500	15	0	1	1	2
13	410	112	500	12	0	1	1	2
13	528	112	500	12	0	1	1	3
13	666	112	500	12	0	1	2	3
13	794	112	500	12	0	1	2	4
13	922	112	500	12	0	1	3	4




