[OBJECTS]
# type	x	y	ani_set_id	extra_settings per object type
# type: 0 = Simon , 1 = Ground 
# Simon
0	40	368	1	0	282	33	-1	8
#Ground
1	-32	336	23	1	2	0	1
1	-32	368	23	1	2	0	1
1	-32	400	23	1	2	0	1
1	0	80	23	0	1	0	1
1	0	112	23	0	1	0	1
1	0	144	23	0	1	0	1
1	0	176	23	0	1	0	1
1	0	208	23	0	1	0	1
1	0	304	23	1	2	0	1
1	0	432	23	1	2	0	1
1	32	432	23	1	2	0	1
1	32	304	23	1	2	0	1
1	32	272	23	1	2	0	1
1	32	240	23	0	2	0	1
1	32	208	23	0	1	0	1
1	64	432	23	1	2	0	1
1	64	240	23	0	2	0	1
1	96	432	23	1	2	0	1
1	96	240	23	0	2	0	1
1	128	432	23	1	2	0	1
1	128	240	23	0	2	0	1
1	160	432	23	1	2	0	1
1	160	240	23	0	2	0	1
1	192	432	23	1	2	0	1
1	192	240	23	0	2	0	1
1	224	432	23	1	2	0	1
1	224	240	23	0	2	0	1
1	256	432	23	1	2	0	2
1	256	240	23	0	2	0	2
1	288	432	23	1	2	1	2
1	288	240	23	0	2	1	2
1	320	432	23	1	2	1	2
1	352	432	23	1	2	1	2
1	352	304	23	1	2	1	2
1	384	432	23	1	2	1	2
1	384	304	23	1	2	1	2
1	416	432	23	1	2	1	2
1	416	304	23	1	2	1	2
1	448	432	23	1	2	1	2
1	448	400	23	1	2	1	2
1	448	368	23	1	2	1	2
1	448	336	23	1	2	1	2
1	448	304	23	1	2	1	2
1	448	208	23	0	1	1	2
1	448	176	23	0	1	1	2
1	448	144	23	0	1	1	2
1	448	112	23	0	1	1	2
1	448	80	23	0	1	1	2
1	480	272	23	1	2	1	2
1	480	240	23	0	2	1	2
1	480	208	23	0	1	1	2
1	480	432	23	1	2	1	2
1	512	432	23	1	2	1	3
1	320	304	23	1	2	1	2
#Gate
3	318	-48	3	0	1	1	2
#3	300	280	3
#Stair
4	224	400	10	1	1	2	0	1
4	256	368	10	1	1	2	0	2
4	288	336	10	1	1	2	1	2
4	320	304	11	1	1	2	1	2
4	160	208	10	1	0	1	0	1
4	192	176	10	1	0	1	0	1
4	224	144	10	1	0	1	0	1
4	256	112	10	1	0	1	0	2
4	288	80	10	1	0	1	1	2
#Knight
6	80	173	25	0	1	0	1
#Bat
7	85	100	26	0	1	0	1
#Breakwall
12	448	240	23	-1	0	2	1	2
12	448	272	23	16	1	2	1	2
#SmallCandle
13	150	304	500	1	1	2	0	1
13	406	304	500	5	1	2	1	2
13	256	120	500	1	0	1	0	2
	






